# Cache of per-repo commit/LOC stats for the profile README.
# format: repo_hash total_commit_count my_commits additions deletions
fccd84ff22e55812745b7114b4f5403ad6d1f4a467d4fe8e61040c55afcdae59 2 2 15718 49
9b568d748a43793c318db5d3682373fe00ebc837aaa10dc89f404a5a9661810c 2 2 956 0
4b90ab9e612e36e961bae4422a9ced7d8e366a319872b9c947b868fb9b700878 2 2 2955108 0
688e9808ed3bbc225827a6674a5357aea8b8dcf5e941632cafaeb4d673c0d25b 4 4 13910 98
9fcd562fdd5eb45e08757cb2f69242e9f7a3ddceaf9b546b9d27ade4a3acd203 1 0 0 0
f508e1ef1b85a2be31963c813116b9667f71af30a304a4943ccbd81814fc57b4 34 1 0 67
a595aa9e835d096976990257fe95892fc57174a8c2217c8ecaf693e3e9e1b097 12 0 0 0
b5136c378b1e97ffb6dd5026fd30b3e5539009ad24c829e7e6f7699b61aa7d02 7 0 0 0
5bf27a88db9c5bffab32a2fb5447f5c644be831262644d80cfdec56461893d59 14 0 0 0
d3ade0e0c1de6636e2aab6ae520390f94e19cb24d7847c1f59d14a4fbd829cbe 11 2 3 70
84142ca9c11d490af3078530105cbd80a65e97918528cc0dd9e7f6f8ecf9bb49 2 0 0 0
d4c7bc1dd140144350a2091caff5cd0587120e54db8c4b65865d89aecf983d68 2 0 0 0
00cf58ab88c4443d087dec004c14a827d2eca15b3b52c2fb95dad7944c938bbc 24 1 2 0
4a5485db9c4378fe394ea29cfe7d41745c099e9138b805813f150d56b462055c 21 1 2 0
2eb11a4fe1b4cb328548392f73d0b328df35997e88e193e18ebc5ca51fb491e6 23 1 1 1
bc5c85d04408e192b45a5e3f21e0f1d87ea5a8e57bcf2c188ada5b3e23f7d17a 18 1 3 0
cc14380976c712bd82dea0e41ec84e2f9f2cdc6f2d58f6e3fb57b67ab609b0ae 20 1 3 0
6ba654555ae635ecb6e437e5908110b65ac448141de12248c81f27336c148071 12 2 2 69
6db7a2100706c8efa7abf865539f11817abc7e1b1c4842a4d934042803d99c1c 1 0 0 0
78564573da6fc99e199e60b51d0f437670462acf845a7c288f3e2f45816dab47 2 0 0 0
2c7c4413bda4f1c74384d7159641e9a2fa6c487dd68677e0cf3aa5f01ed2c99f 2 0 0 0
1e347df62e1b4b4b0245081eecf592705f94b6d6b97cdd9a034546e23b154217 53 1 3 0
91f29f8395e058324edd88745640287a27c7982116ab0bdce6789c0a04c654a0 3 1 1 27
4bc5ba027dd3dc4ed4b1a9f59d63d0c2e8bdd602671041863299920aace339f5 1 0 0 0
02c6aeb4a9088061d2cccc13ecc314f2786b0f82e40870a5e141c38e35dce14e 16 0 0 0
d3db2ee2dc3bc913e2d3df68edc760005028f30a143770b5cc0bfe376837e0a2 22 0 0 0
3c3287c65687a8dc09195c86f6d31467659210b870f81fc976ff7fe51711497f 4 0 0 0
ea68a722dc93aad8b920768acbb90db6e73cc07a93c74972c9bbe95757f2ed13 17 1 1 17
aa550064bfc96483ba4cdde505650da878d3ce1ae34cc6eafd7fc8e216f8b9f2 4 1 1 0
b9a7b01f1a5f46885a8ca941165bcda2f41f5793a1d2299b9ed32bc871d64d48 12 1 1 19
474e2a9d30c827287e6582a2e77499adeb81f8dac1796d483988d7eaf18f3b83 9 0 0 0
19a14d204029eafc0648a412697bbc7550f271d03f30b541d1598a1a7660ad83 10 0 0 0
37af8640145e6cea5cc11b513326f2e099aef190399180915a5f5107876f7faf 1 0 0 0
707a68c984a37b6df82c4c57939d6f3d5bc15f31676d581c9585cc81625631ac 1 0 0 0
11054cf5d09612a01a5549e57b147e882870f182f1807f208e749478fc059555 19 0 0 0
31b946e07d12e9a948a42bf3b5a3f02503c217c42b51155526c6f96a0af0c013 9 0 0 0
4a6d0253b338106ed5c9fce1674e752d91c7dc6eedc20c722c0fa2a6837a6adb 15 0 0 0
e7c8cf1fa9371a9cbaa1e669586495b0b90f87cd33eab965692c46b182e216ce 23 0 0 0
bddf9539a12be6cbb190cf5d4aaa8d4aedda487e2c4c242109313f2f0da638f7 89 0 0 0
835db3ffe395453306c4c1a4c937f99086c710c4051c6fbedfc516024f916748 16 1 1 68
3262884dff4257ba799ab20bd73c6dea9af6dc76834278ecedcb3b0c5197e761 15 0 0 0
adde4c1dff40ee59eb4b2aeabb0bd49613a1b76e9fa1cac4dd8ec359ce7fb5c7 14 0 0 0
f88a3cd49b0f68bcfc92a4eafef22b2bb3da5b3c12643fb7682c0996ee016a49 5 1 0 15
5b971310859c1c8f5538ba751cb269cae0a834feb416dbe3d19692f73c9e4335 11 0 0 0
c58dc386a7182cb46843b57c49cb48cc5688dd10cab89b780b665fa5069e1e0c 12 1 1 68
998f0b5f13b7455f2d9a4b2202e80d65a6f740c8af92fa9aa68db5a625163d81 4 0 0 0
9eca368200f07e28e9743882e0060ce8c0fa333a94ff6d84018fac4078450b29 9 0 0 0
2160b6d16f941f6225240fb5f92858bb35fb384c21c455a285330571f2fe4133 6 0 0 0
84d8e25633946fc52312204c71739f3eacfba93d79ef8e943938721d739fa0cf 11 1 0 67
06e1dc2339bdee3b07baf3b63c339a548c21c5bac2d42367e2f7dd44b34826f0 4 0 0 0
87462150728ec524efe5e4bff019613d9e3914b54fe97d1e4746070a183f9262 20 0 0 0
567b24336e217cf90b82bf186ebe29a95f450534ab803795b251e9b63c7c658a 15 2 1 68
5aeeed0dd8b972731bc84dcecfd33beb44622cf03668113e9b129928f181db53 9 0 0 0
cde54814caa8c9d139784711f5bfecf83929bd3443a9ab3bd7d351e013ba4221 2 0 0 0
bc4b9a508cac727e089fe45d1000eee845aa403b8f707d777c97100f156a1362 4 0 0 0
63ff740df4a5a595988140bba60ef2889ade4fd747ea1732eb128feeefba2f56 3 0 0 0
58fd0bdc7917ac649eae7c4298d4f588bf0db3ec180b4ba01bc2b4b62439bd98 10 0 0 0
734075f9ebb69e017307f064fa65f9bf29e6dfef0a26eb04d282885ab19e331b 68 0 0 0
5db0eb3a98ce84b3fbab92b06bf587fa12a49f4cd1c249ef571f46bc00241387 12 0 0 0
b3fd33ff78bd28eaf3f6612f93a3e657ef2a0a5ebc04346a6ef057a753ddcf82 11 0 0 0
e8de46302f963a734b02bacf444abad9945d40c5365d1589e3187f0b13f4e901 3 0 0 0
b60f30d43663c80b3d0548eb4f64f32cc1de03bf44d03b5ad1db464bde3d737f 2 0 0 0
5eea59ac3541e31384eed6256d35c43c4371067ee7fa6c5741e0ee65251a8e54 4 0 0 0
a24ea70d5733e5292c2dfe59564e5628df7d3428b80026727e6bfa61c4ca12b4 36 0 0 0
eaeceb7eed53512726821a5b0fa22a0c18b30a7f089b29377be46f7c3a65acc8 18 0 0 0
378b1ce6c8649827e255a57a4be16cfde56565964ee6fe89527f45975f64fca1 25 0 0 0
626cb6ba28befd0baa38a9ec9a21d8ecbcc5258c77fc0168b0ce68ef2e3d1edd 9 0 0 0
0fdbec184b90d0eb8f28f21e872c7ead65259d6df30e3083bf693edf3bc90e88 6 0 0 0
78ec60545daac19aa1294ffcc9b15e470ae6025529998201256585cd45ee3c0d 7 0 0 0
10a8b2005bfd40fecbb71bdf75fc13f67574945a29cd48e3b22995a8f5edc024 10 0 0 0
b56e4bbe97e68bc308dc0ee81e3a969dde28d83759078f354e9e8760bba40c26 1 0 0 0
5d8fa38070b2d3576cfedbf29ef71702a831d8cab228d0eb9121b6a8ec39fd19 1 0 0 0
0c7fdc4b8bfeeaa6fa13d3ce714962f7426916aebbc380369c62286446609cfe 16 0 0 0
dd9a846b01d04ee881cfa298577a1121f35e8860daa0bb4c49799b139053cc7f 4 0 0 0
552a6e62648dd0bbe4239a7712dbb8d5c4a8962e9f95c103a40ce1710c255051 4 0 0 0
5c96eab1af6dafcb80d302f145f23b9312ad1de815fc60338a0519bd649f6f92 0 0 0 0
e069424a16f60ae25d63173e8b206579320a19010e6a37c2b19053449508daec 8 0 0 0
3eeb9cd2773e849fb6a41a1d2f94908fbe003bf1ea620495c9783257ed574b6f 5 0 0 0
e55231b722dea6a0d17ee7987a410401bb0b8f613988c61500c0d28bb6ff6869 2 0 0 0
0254b800e1f5b3ca9c38c86368bf4342534cf55571855b735d2e4ad9064de59f 5 0 0 0
126fbfe9c2f8ad0e7e479cbb88acb870752586b4da2bd888fdd558c39725c45e 14 0 0 0
450350be90c87389ceecc74544297e7b92dc06191dbe4687d8623b31c5da1bdc 12 0 0 0
e23ab175ec9c89ba5f27abd6c3cf574e36a47664132df2fbb51a63df3b54734e 11 0 0 0
79b25cda609c9b1b33f996d6de61674a88201123677c598f43fa58901033cae6 1 0 0 0
f0a8c1a1dfb064763f6e5fca29d42660cfadf4115900adacd5f2e89e0802bcc5 60 1 0 141
e553fb05e1e7ff14dad745458a896d8245bd91459456b4e07b6dd0108ed8114c 4 0 0 0
61ea95accf100bfe6d29cb0e8caa5398fde112d3b46fbe0af75a1fb54fe8d411 31 0 0 0
baf91e3e6095c7175f2cdb2b731f5dc17e566b6e5a4fc453c65c7b9f27892385 2 0 0 0
3fcff1e6f7f4e3f0e964ae6d93a0e09fc1dc502dbf8970dee63981e87ac90f43 7 0 0 0
fa6a8d09879ed7f1382e54ba19d1683070d8fa7a7bc42071debe6bc5e6b10a75 6 0 0 0
4cdf038024634e15b968155e3815a8398ba100704521f1c531eb75aa270d2335 2 0 0 0
c14df7ac44e21a2fb2d0da0ebd88fc7bcc47d3ec350a4c04fc4e20582624cf21 3 0 0 0
a525e4e5b10f84ca677b08d1522fd541c5fc1e5f265d70810d1ef2f316e504d8 1 0 0 0
091d64ccd8281a6e9df969b9fc216c951a97794dc9610aef23960bf7026720ed 59 0 0 0
25699232538932d375b4a858da3d3bf20edd15f5c5ec2f98ab19ef265c2cfce0 8 0 0 0
ba17cfbf2f5b02b48aa82a9f1e1fd12c6aaf3b87baa59ac985134f2f80d74ecd 7 0 0 0
d45b8cb8fff08d75e6b592ba06d316f496e3f85c08356c52238a9b18b3c0b648 107 0 0 0
cb30a45bfdf7fb8e4b85ba04bdea93174db87ad58c0a573d481bb4977ff3c7c4 4 0 0 0
e19c7a3ec3c8b98ec7fa717cbb2b2599930095558e6d983ad01e088dd28722f4 0 0 0 0
2803e705374e68a3bef423888f2449dbc95fd5dcf4869bdffc5971b7dfcc2ad2 39 0 0 0
ff08056d5854b996f155f5ba8169949c88351ae2061c69853756c66595fe6262 16 0 0 0
0cc26ac2907bfbc4dc71bd407d6190921dbb95c0cba30321a53e6a33b35c78d2 12 0 0 0
6a4b3c42d72a66816fa78f77e1d6b1e03c601c1b5f8edfc7e312c8ab171895e5 13 0 0 0
2abf3e65cbe892d4ced26b5fb534da656854496b8452bce386cf4877211f5a19 3 0 0 0
dadddf361bb73df136944caec63ab8ad56602c50c7864b793278f1d81175c028 8 0 0 0
1292cb96e6439d3f97e9617f53b0efb7935d494944ce379a0a0f5cbd16a7a9ee 8 0 0 0
c3317c707c8963583d4779b05b22797bbbc628883cc0437e4a0fa8f2738af182 17 0 0 0
9c486bdd91a3498c086a355171d259ab90f609085c60fb52b4eaee6e7d6dbc20 11 0 0 0
4fbfc9a6043d32170809920d7d20538f5198df355730785a9810a7396028c915 2 0 0 0
582cc27536acda3f54139bbe1c5e2b8b2a1dcdd14f69fb650544bb7bd93fa1a8 14 1 1 44
09bfc037d1d68c1acb400d521e013c68e82a163b3bd1286fba82c31c78ded459 7 0 0 0
e41a63530c340910cca82c17284f1abbf007168ca75ad109b6cf78da23c784d0 9 0 0 0
f3da8ca61398eeae56724fb1872049182e2a51c9873db8595d566b5a61e61eee 2 0 0 0
f5854b31a49483f6b464b932608f86774ffbbe97f376fc47a3d5168e8eedf35e 2 0 0 0
3463d4af10dd6eb783b14f5d5d3d46fea7130d54c8d48fec5e27de712e7bc11f 1 0 0 0
e22f2f865d4b3f10b039801f69b5d17a75aefe4564181a7a9b5680b6ad7cb3e3 22 0 0 0
cd416983d15f5587c061837e70116c238cc834a7e8ec88b34f3fdb2c582a2de8 11 0 0 0
87d3bb1564051495b629a7aa0aa20a34abf4a954e9d23d0e1d51836e817d4268 10 0 0 0
06890318edd59bc8301a4543739274b4e339cc1499499fb12540484ef765c8fd 13 0 0 0
f84c0c9b6c665b5c84d6eea37f6c78fcdab684e867d534cd063be8dae7a6e3be 12 0 0 0
ab9503da7b86a906533d8ff3f1e6952a5433adcdf6a80dac82672dfc29c3071b 6 0 0 0
8bb864e567689a35c65224d81fda4d05eb4179ecaf112abebf725c3a0adc0ab5 15 0 0 0
ce605257cf2b5e882a2727715ca5e1a75649aba31b474bd38ff27af291c1c1b4 5 0 0 0
2200104ca4d6c7be7f86873910d8a1e316b0761fc891c40781ba215cd88790c2 47 0 0 0
e81a52a18a6ea56102c90eb7d2988ce4208210f1ac85f9d9067b79787d8973e6 3 0 0 0
861a3575533f3f539110207434585680f2f27856bf959b72c460b34787dc65bc 1 0 0 0
98994146c7d09b604a001f0cfa2352256a41b8f32eab7c31022df3f72accde4d 3 0 0 0
d3d505f5c897577238c50fede96e5421a87d1865c53f6b8c3bc67bba829869e1 4 0 0 0
1ac5b92a3a568575a0c9b8f0254a2bf4535d461497405aa41cd3434fa1b0b90a 11 0 0 0
ac00cf6dc7281b03e0ff82956d45b2ebec25c425d0930ba89fdb90ca5a4c3743 7 0 0 0
2332c38b4438ee91b78db46a367f82cb77b309bfeb6ba05a3e337d0f632486b3 17 0 0 0
e9e892a632f2411a4f7ca654ee07d863f4c0ddafb4296dfbef1f2c1963aa6f1d 7 0 0 0
8e9763cdfc01f1032b3c90663d6ff54b80427befc3ec452cde44675d0216fbc1 2 0 0 0
7a0801a5580a6eafb5d68c92ae57e4d1e5778deef640d45b10f5347b61093124 2 0 0 0
98393dd1cf135e565847bd644ef1e80a157b67429c3bd270326115536fc3f849 19 0 0 0
ba82f5b42b78c5ac7011f269fbef9b9252088f3a4571d8d8c3f187a7c79c63b5 33 0 0 0
6f808204578ba225da3e7bdd1d16a1774f108e4069f9f982f3cc0eff68f469b1 6 0 0 0
9df236119e164e0959727c8e310c9ca4c63dcf89c87f8d682fc67582a090d231 15 0 0 0
07e453c3e59865ff119c7fff530c983748bccab040a69f5300554894db513be2 1 0 0 0
d759f6462355141ce7850e650d14eb2f10aa4facea4acda5d4eaa9fd1fca73b6 1 0 0 0
4819475fa64727af435bc7e19680accc9763c6f6bd3d07671e08fe68f8768ead 2 0 0 0
67fb549479052ec34bf6b1ba332de3c6c653bd4d5b4678415d5847b627e1b3e4 2 0 0 0
e110b587f4ba641540ac964e5c212db31188ed2a43d05fccac037e9aa8db9f3d 1 1 0 0
9c6bc2f237271232f6510998dac6b406d75e6a904ed76b33a62223329c9e3afe 1 1 82 0
edc1e17377fc62eafcd4965592b6c88414bfb0d5fdedbb33334b0b8661355fff 8 1 1 0
02e47846fcb3d1e1a3c1b166449c92d0a40afaf9865ab73cca3aad1938e1cb06 2 0 0 0
e348d15b49e4c81f1fbcfec2701832241d35483fecff0aa381f1594614e8dd30 2 0 0 0
ec618808d3ea0ab6206a008f95c552046ea7fa2211e9890f23b05106700f9c19 1 0 0 0
1f941889af85f1d37e08a70cc78eaaf20ac9f47215a2af9ffa1361251ee653c4 1 0 0 0
d1fb7743750594631d2027c7670b025ef236d47a790a969a53f0483f2b56ca37 1 0 0 0
2146c8ee4ba2c5c33be9e1105c2eb0a0128f36adfbf920df702ddb16a5be6b0b 17 1 1 0
9ba766e64d75d88f070f61925fd0abd3464a362897bb82d0a42f9e44b90ea461 4 1 1 23
4e8e05148fcd76776ea3482a3b2c13a6037f43c23630a953e58bda1411d74ec7 2 0 0 0
e0eebd1a21e4c4151c873eb3e2bc6c30215f098cebaa0005af82f2643e65157c 1 0 0 0
4ed97f09234920b73193dacf1322757a8b0bc7668a8342b82ae637fdaebe3472 11 0 0 0
2606fb1924736cfd53e01c815aaf433d547d91f5dd3f985b39f211a0797c8fbb 8 0 0 0
790ae217b0b7386fdcf16d450950ff2695838bdc7a64177301aafb8f3d4fc0f8 1 0 0 0
bab5527d9383f4e49377817951597fd81dde8bc68b2efc266e1a6f766dcef1bd 1 0 0 0
8f90d941b56e6867a09e95b5243dd7ceab7d956ca85c57103d668fd1a1ebdfac 2 0 0 0
0463c3e91963c6a2d3f284d1569f44b8c4de8b26501ae098f18fadf9919ce14f 2 0 0 0
832c7d2450916c7b56e62aaea8ce75ca699b76127753d6b42b6d090e2efd6d6c 11 0 0 0
f9a16ab44918f8da80060090a1aff9e8584810bab0e3cab480e6387c7ee751fe 1 0 0 0
67910cf9c256a44de1ac7706e4a314078c9b08eefe319b7edc46a8ea1f77379c 1 0 0 0
5b54521259ac532967764d5e6e318f9b7b7699a0fecf8866a272c6de7ad0f624 1 0 0 0
e37bdf0306ca2bf13ccf2ef3ede97c92a2a4c265e86c992936d2f7f1fb621678 1 0 0 0
0a51d848914c3c4a5542772e1badab39cb9ed6c20ed8c1874d738e8f6b87e16a 1 0 0 0
602c4fae538fb7ad9143577005a05992a25c6c3026401984c8a33b199b907a0c 2 0 0 0
4379c5fde78c2e751af1190bd5bce7de6b42a6ada396baba394b0e0887b89f75 2 0 0 0
f0209b678457b820a254ff93e4aed11839e2c06058fa8651f35c3c4b93735a73 3 0 0 0
7a32a06ba8ad7787cf7b61c46915a02105cfd6cb48803e36309d703edc2ed7cd 9 0 0 0
d92ad6e8e00d152d72a00d0e14d235dc402e0c37dbe0cf6af57240d6c8b6b355 4 0 0 0
675d61ac64d389ecf79d2bda2475d24bec7bcd25c034293167af83c81b06bb26 4 1 1 0
629c55df86a0f9a1b5d08407d3c26d628d6b1edea06104e50c447e144464f439 2 1 3 0
0c7e7c4b76e79c8266417f798859e26e9337cf0aa66b103e9a30f690cbc66deb 2 0 0 0
3b420d68a2a165b980172326c6888c044d575f62efadb0fea908df6094ac1b89 2 0 0 0
99b82f6ea8d47c8efdc23ce362cb7fb19911e214b330997001014d09d8522688 2 0 0 0
b6a805658be6f30b5e8af599fcc4c4682ec0a9587107367d3fd290d46319be62 1 0 0 0
46131cf9324ec1d9881a70fb9bc398bc7b96a030cbf702dbacd442e7a1aba232 4 0 0 0
35fd4ab2359bcc9477a65ccf6e5efc16ae51d8e0694f005553906ef86a71995c 2 0 0 0
3a57a2b43c1d63212adf3d148bff5f283e71c43a18111f1bf48cf9720faee940 10 0 0 0
3095bc4445eca668254159e17772d356b863f5c6512b86e034fd051b44072ca9 1 0 0 0
253abea73fe1167504cd3113813e0e898c52f2ca729bc03db818b9c9fd7c9057 1 0 0 0
09dba648ee0a836cf23424c3769f97714b6f9f6a6d168f8cb2243c921b19ff63 1 0 0 0
3ee982fedcd9a5e4641502c990321c335b09720dd0f02529170a4f0807c82c39 1 0 0 0
54f3494c8175710bbed5c0adb8eb2e777762fb8acec9fcb296d4edb1acef7102 3 0 0 0
be2f512b4faf46f41dc7a26e66e6844bad3b015f27953c832b6a37bd87291734 16 0 0 0
902bbc2ba8fac2fcac0731955cf6fccdb034bcbef173ea2d72b26153ae3429ce 1 0 0 0
b367792f227c6d96d8535c4083a7c1654739a8e0e0ca65f5b78a5cbd2f10d5ec 7 0 0 0
8f44dffad5b260e6543eaf4afb5e01046a48802d58cb3b9f69a5281691d33b26 1 0 0 0
c420e496f86b581843da61b2c37f7f50bf069b7cb2b95faea4015a5307dae10d 3 0 0 0
e7a70023a870638f6f897f3f24d6ce0b92dab08701f04f6cfee564a90dde23ce 2 0 0 0
fd262d52270d976279eec61196a49af0238860fd3de1176b655cc6ad9e543c8a 1 0 0 0
43f2dc15001519db3806e550087d7b0860c3640e715efc93b75d4d85124d3d43 12 0 0 0
c248a8b28d6ec6df2ed0300ea59f78219bc88e69d6c6e5e88733f7ff3f4521cf 1 0 0 0
d1b879718ce7a27b836f43bab1fb6d243b19fb2b5310834528d68ef16cfa23f4 1 0 0 0
e3e6ead2904429f478b48e1eed5be774d04c60f000aeab718517490019cd185d 4 0 0 0
5d0ba798ddb7396a9663852139e0d09b68e33eedc32d23db736b0e7b952770d2 2 0 0 0
221d68298746282ab54cac8e2ac8178ae3166c6d45a6007cd8da2537bc9915d4 2 0 0 0
5e1c2fdb72fea71848382deaab537f65e7fadbbaf2a58e6e57d0d1fc154582ec 2 0 0 0
ec4bf7344581f90d1c6f11b2f84a6f07ed5dbe2f0276d13bfa878a823484b3b4 1 0 0 0
5fb9002fa2d387358c68a83111a058542e988621bc19347653187252d7d8d5eb 1 0 0 0
1d926766e8fcf3cd21bdf7320b825703aa6f60856ae09a44a02a73a92b629e2a 5 0 0 0
e1fdd5378187b50eaa3a68f23ff6462b9052a78c04e336bb91348aa717414745 1 0 0 0
c1ab4b8f5612bb931eae8a1b69e841c7b3afd1090f95bcb3ccb14be8e1814167 1 0 0 0
b4440a9f87d117ca52dd07bf3f21ba145f5c1f293ae63d168788702b7049ae4f 1 0 0 0
d783bc11b345b7abe7780d40344756377f45dcffc558ccb57e6949701d3d8b6b 1 0 0 0
dd42082c3faee6d4e5d9d4427b5a3a7caf6d21430a173cf578a20e7643a4b828 3 0 0 0
fe7d812653c7c6178b2ba6980996a530d63aa6b4207f43bd2df1731d4aefb430 1 0 0 0
3e3f299d1390d0f5b8f4112b7a11b6e58f68a2f046dfd20acd8e73c11c584376 2 0 0 0
33b48b87a01dae9ca81a97300404e2a5eb64392295328f9a4286e8f7a512953d 1 0 0 0
39f834a95622ee8bc9f4c1f9b95153e24c8cf436a97b44c640adf33a6f04744e 1 0 0 0
8d638f3b6cb706bcd6e8780a16fa8e857aff3a3aa4929f8edf3d4ae2d9e7aa8a 1 0 0 0
8c7b9a10e3e8b812f775aaebe9bf936f186d916ef1209a44118d32f1a094618f 7 0 0 0
8c67f31d749da4b005071b570fb61097be4fae4ec874424b454b0603af92aacd 13 0 0 0
47cd752e8cce8efce6ba6ec342df60c3b0733b2d6c9a6bb95ad43b48f56d81b0 1 0 0 0
7a64ecae24d9869732244950dd70dc8eb6b92a7972642e15f39efa2d46510605 66 0 0 0
315d815ea211b22ee71497ec48c7cede850032163a8ee0d4466a0153942fb435 1489 567 162737 101442
2b568b968d67a1316700d08333a595c1652fbe0e5d3b69bcfd7fb01b11c0142e 10 0 0 0
fab94916f1675a54300700bcc87c59ea9a1ed2499dfa6e626387ef86c7d1eba0 4 0 0 0
9da5c2e806981c6c47b79ea72a36d4db19c396d670078b55ca343e204de7292c 12 0 0 0
7dbc66896b687623b2de0fe01cfee2275c14f606247e5f7b073213c17d30cfca 1 0 0 0
4f3a4d80c6886564180daef40d55e059014901853f5b6cd0ed113469798d79e1 2 0 0 0
f3c76126605a3258382a6d06f59a286e96af68a7e6d24cb2d7ef6bcef4c92fb0 19 0 0 0
dc039ad137564c68bc15a858328092aed656fdb3f11806cfc830ec38ea50ddd4 15 1 811 612
395d77db3891f1a50896c52f00b73aca8db8381e5d35e01b106bf541acc44e94 14 0 0 0
22affabe69de5be790e97fb19390bba88d4a7bc9289295f488290d8cc26baf53 2 2 48 1
32a159d508e86235b8dfec677481dbf9acd6ffa19cc6ad95ecfe2ae8d25bc41a 2 0 0 0
83a0ea80a048dc96cb60e6b19721501fa4722c25c972c0a23ceaaa049382c3a4 1 0 0 0
621e44c83b19c8f9800ea6b4a7e2344acaca432be9c01e45c5b82d4212b10e96 2 0 0 0
f0c692e54093f40284f095a01cca23bafc9c7b0765ce37a5f10393bb83713d21 51 0 0 0
ebc7eca856189de48c702e6db5aebf306714215020ea7eeeb0c22aa12ec2304a 1 0 0 0
59ecf7ee4b2ed46aed59e2de0769c09e36f6c42c5d62be66be89606f78351c66 1 0 0 0
e5c9600a896d20e17f333573508bb21d810707f2b200ae0f0abedb165b7b70cc 0 0 0 0
e13b0fc28374bde38e80129ce1a918c5edaecb13c46471606e7964e5b3f8d0fc 1 0 0 0
d99cf4050cfbccd91db02e46442c233479bdb7a70bb22c1fafa0a0b0843be737 2 0 0 0
9b845014de1c8b770df49ffa15101bce18a478c9aa43c90047ff677882c6c659 15 0 0 0
77a409024e905bc479f2c695495c4e76435718e352d84f8c19c651e2bcf6feef 6 0 0 0
cfeaba4970aa6e65a93b06ba60f3a6f6e4908dd9bdb69b40d7f63780baba1e63 1 0 0 0
1ecb7c608750f3a57aa4ecfa149ca8927bcc47234ed1b06adce73bee2dfd33b3 15 0 0 0
8b39747438a15aec04c5b5d7661b54e0aa14db59fdf7c69ea0e88f10659b425c 1 0 0 0
b2305258a68626f1804199ef92fff700763eb4b16df6c699bf435c4006556f05 2 0 0 0
b64bf2422c7c507d922b815374e6890de47800250eb667c3613a18969103158f 6 1 3 6
8c39560b1a1ea7a8a6b555cb6fbdecd4d0c8515720b343d1e79101f37adb6720 2 0 0 0
8224c1096843c895ffc41ef97d0cab07aae85d18662fc1f7b7cc06f3d8e146d1 79 7 131 224
bdebd458545c7324238c160c9c0c064678acec4795a9874bf0ef940e390f90bc 35 0 0 0
d11f4858366fd9d7b85cde2fd94937afb56e4199d7594ce975b9e103c007d443 1 0 0 0
2b23b0ec0c9c46a6c1811a481fc5419ed3dbcf707ff16918b0f13a841358c7f1 3 0 0 0
e1bf4e837582225050ee03dc74125cf07c74c1e1139059d34ec885e7af7562d4 17 0 0 0
b6128f12e0869770316750837f51493cb2623c254e22de859a63eb07801d38cd 218 106 47817 52914
a9ade22719906dfb29e21da22725f35e36c0c38f1c8fb5ba33338655664b96f2 301 0 0 0
7452d4a990df815b7ff37a9adda485911a1459660e82a8f73c14abc762ec8f68 2 0 0 0
a78c4f3a08681083124cb65ff1115fa3ce9b7c03e95042c33870e282b1d099d1 36 0 0 0
e6d9e55738b7ae416ee27c384d0b94986fa966ef8aaa4195d8206b7c7941447b 476 399 110878 54248
a01587370474121ad9c76ff1230802abf0bf5c6d5f7c37339abb33f5e0a726b2 20 8 1046 76
b520623757b486e658792b9cf136d3f43c4ea4a13c90639cae7085788db98cfc 3 0 0 0
afd9eba3ddd24128084da4408ef296f301f2b6922a4318247d626c486c0a6e77 652 3 388 196
dd54e973af65d0121df9876c39ff0d182e8a6debecebbb8519d53977084608b1 40 40 14837 468
a4a15dba87f31a0eb9fdfc2bf213e4e2fb317b3f9e408d6f9d9bc0054fba2943 23 23 16174 780
9c5f20913649473cf1dab0f4c6f8ed6d25dd02c54826489223a5c85132ed94e0 2 2 631 0
a9e58247fc73a6d26dafb75986c3008c72a3462fc6bb319c273483ec6adcc710 1 1 1981 0
656e22ff9f7ccc0b72ac519345b6c519790002449a5c50dd359d64e80d161738 2 2 0 0
a4ca0a9f00ce5f5ed573023d8ed70c975fefe31d57e54e6a87b675cadfd8a21d 28 28 13448 539
fb65be2b7078863d522c21ff767bf8a4f254de33bcf38df9b1548b4037a5811a 4 4 28 2
e21b91fc15e9c6801b1d2cf56123dc3304f4d85edb89d2390f66250b4cc6d241 2 2 102 1
2cd5fae090133484a78683c35e58b3c54fd7951f6e7c8ee7d5d37dd24139b41c 9 9 6269 129
937d3e1545751fcbd1860ba31f2159a16d7fb5e226791fcc260407c7938751f6 1 1 16 0
c4dad4d6361ebf9159e903a0fdc331c02adf292873b4c50e45e50ca66bfe883e 1 1 4631 0
d4cddf787084b279ffaf5255c1e5e329910cca2be9bf7a5d5471e74802d44d85 3 3 25693 14191
fc9bcb9655143cfe17c9a56c29f2bace6fa405e99c02fb6a404a54a8f4cc9a9d 1 1 28 0
29eb4aeb25bb22c6f2f9ee85aae57358ed9e0ca153c783739775744809dbe0cf 3 3 27 2
8c309a05f16394146d48966017546f8110a6e7a0ed62231b7bc6194f21048183 1 1 4675 0
3826d2cdd6eb35c89093e1561d0df90f74b4b50933f820f9a0be159f1d7f1685 2 2 9442 4850
d56105e4067a89b247fb410aa968555a20d72de032b8c53482f89236e924ef41 4 4 14015 33
32092d38c99195553641a552304a26c5c0c3d1d44ba5cafb08aa6163ed899e87 9 9 13173 309
60ebb26ab5fd6aa674e91a5a17ae35f9eac8b517a2b24abc1b255b11fe3ba20b 10 10 33760 20787
ee7769a86b10fa59c7c6d9d261a0328b152a187496764da8dd95b1ad5f8f5ccf 24 24 13897 973
c1ed40a0af5b25eba4f3a00e89beb2eec0ab7ed86a13b1743770228132a6edcc 2 2 13324 2640
f0f7d66700dad37f8a8fe50f05625e1826c56e0d935b20fe8f23b2400d91c705 19 19 13041 62
c1cbf1c883cc925378b2325a192ab6ddb44224388ebd986d48f7c276fe5da41a 2 2 12636 1
5c16feffc37faf9b75e54d0240bcc502b5a38a4396132864c8b5851b88d49381 1 1 24200 0
8e5b11b101baed43705db6d5e4680ffd3a51c03fce80d113ca7d1a21650e8532 4 4 21913 130
797276b33231be45df16d880d2080b9809d0a986e0f3ea29a74f7cf4dd76062a 4 4 926 80
1237a4575bd980becc9dc496c1008167704bccf2e52cf661e75be11ce62ea173 2 2 12695 7
cb2e493238c8cf9bda26c743b13ed753fbfe5d44b5b6cf9fd67d808943303cfc 1 1 12109 0
2c06cf43461334c0974552238e2995ac98a9a307ea59668288120196715dc1af 1 1 11444 0
1b510378fd465c769219bc7c8c9988f663a00b70b9d3cdd105356c136ffea3b8 2 2 11448 0
f9735467dbb52a660b145b99ff46fa82532f2ac07543fc04ade03f82ea993263 1 1 27856 0
401efab175406d154e47504a57462e08878efde6450b19c3497e9e01e97da28f 15 14 12258 200
38ce293e43559cdc801ea6ca7697cb61a305f18398c5ee299792f26dd8f36dcc 10 9 4129 370
05b0456836b7b1c0feeb81b7fcbbd0057619822f38572a7d5fc58828b0e5fc2d 15 14 12258 200
b57f226f119c6616693e6bb67e21a550780327f0df2834f1bc63ab84f46f7388 3 3 14153 0
4d587d0402edd8aa1081af2f1c726917c33035f64e06b602e6340846938935e4 7 7 54938 15028
afc359447612a92be4ca057e8bf9417e3d770dc1d131ddd0fc9d2af0fdaa78e9 24 23 5949 335
f1d20c7e736609eed8ce27399bc8c96cda36d0546fe7d32b376322852d79bfd1 325 320 105968 15826
f6dbc66046ded7f82bad8ffea1f117be249dbbc9a55d8e2ef7f650c18f7ef794 29 26 5485 182
29398f1ba75b0069a2b53f846ca839a33ccdf0d5d41a84b6874a3e197d06a199 52 48 5913 368
3dff5545cdc2c95938ab8c35f335530a35934ba648dcd4f6fb14bfa800835735 4134 2980 1381371 759001
2e124bc37fa8611dd4f1e1b56a5fe846cf996f2783a3406d219a7b7d0a64a4db 1 1 5973 0
59ab20f4941fe8dad0b2c2599671de0f95af7a5b9578ba8feaef84003b03cf1b 9 9 12201 343
32ed589b4e3a0e47b663c691abd4d6139060c6cd8f3bcbb4a43d9b2bdbddcbad 9 9 13360 330
71e55a07974577ccebc114834d0258f97475ee41623d813862f5898ad0675939 1 1 16 0
df896d417f2727ff5a6b5063b4120909603ba01c98a98a4fad3a8726fa625b9a 1 1 1037 0
678f49bdf55615615fd8943dbec47711545fd521f070d3231a0efb9f6208f28f 12 5 3949 2395
c600f5cfc549530563bdba3cc76299982cd896bb2c0aa41f75b4ed2142c487c6 4 0 0 0
917641f93083c4f1f903a2deb5cc1e9f3a838fd279437ac54d5067e05cc90e37 5 0 0 0
9838cbb49a909593694cfa3e6a3782a223a80f22f00796759d8904382a435adf 174 174 40567 20130
874e9ea5e7de8bf2a81ab3b420eef776638a1c5da45dd4f02d2a916589fab97a 12 0 0 0
2cfef44d4746b38bce084c0895f8eb2b305cf47093abea15a63e1371622f98fa 1 1 11711 0
034d165fc4828978c3db063935968d6d9c027f08739a48c5461cdfaaa6ec5f22 20 0 0 0
e1096b6f2ed2a896873e52b244ba628395bd0713625288e74ffc8e846a2e4787 8 0 0 0
0f3c12e3e0aa491dad5b489a090f897f70cecfd669cd50ad58c91a05cfa559ed 23 0 0 0
1d4adab449b72f8b678158d425c93e7dbf08a535c9bd05fe969dbc9334e1ab19 48 0 0 0
e4186ef28320101d91bdf24bd77e4162099ea9f3afaa1a8c481d6d0226fcbca9 2 2 10970 159
4190e8276082cc359540c7ffb11091e21e696a9d86f072059f058f0de054cdd3 2 2 10426 201
2d4c0b3d788751abafe0af70af882b18157ab3fa05a266f2040c96e6f91f239a 2364 1427 418716 182376
4ed2b9af519f67595db1396fdeb5d9657baf679b7f9753cd38e7f5c6219d9641 2369 1432 418942 182416
27c4270e69d2263df5f7985f0240ce1779079ecca9c1bb66aeeeb31749e6147e 12 0 0 0
34740bb335310b98da6de4f99a295eca97ed9ca28d6917d500ec5368a311927b 2 2 10515 75
09533de22c53a5aaaf959c9f943e154e426ae7f14fa9263fa3f82e8591710265 206 31 7017 1830
bd89903425202ecd7efe18a844ab185f52af64c39a0cc88121acf441811ceb04 0 0 0 0
9b418c366d1ad5de61144a6a43b3adb87df5e196852a9c9dbc65f26e3cb4c4c0 87 7 7347 2194
8c3bbbc45829961a2387bc7dba39cdadcdacd5196e505c62323c2c0eb9596916 4 4 14478 685
15e28268394f9665548f0ea76165422044d0f54f7ff977861a683cd8a896fc0c 476 399 110878 54248
e6ce0ac62f4ea4b7460d012e1afb3dce51745a7af47f17aad25c7278db7fe90b 3 3 9820 52
25db6084af5e3f8ed9aef21133c04010f702933e4153b8fe329e4a1dcbd05b00 5 0 0 0
db4567720a9d9dabf4117c3774fd499671c6a3f964becd4201331262f0322b8a 1 1 99 0
